,名字,链接,地址,介绍,开放时间,图片链接,评分,建议游玩时间,建议季节,门票,小贴士,Page
0,河间府署Ancient Government Office of Hejian,http://travel.qunar.com/p-oi9205531-hejianfushu,"

地址:
沧州市河间市红牌楼街97号


电话:
0317-3651088

",河间府署是一座历史悠久的古代府衙，始建于北宋大观二年，气势雄伟，远近闻名，素有“京南第一府”的美誉。据记载，旧时的河间府署坐北朝南，气势雄伟恢弘，分为东、中、西三路而建，先映入眼帘就是大照壁，然后步入大门，往里面走就是仪门，东西两侧都设有吏舍，是掾吏办公的地方，继续往北走，就是大堂了，也就是古时候官府衙门审理案件的地方，大堂后面就是穿堂，过了穿堂是二堂，是审理机密案件的地方；二堂后就是内宅，是古时候的知府家属居住的地方。这里充分地保留了就是河间府署的历史风貌，并且含有大量珍贵的碑文史料，也是了解河间历史文化的之地。,8:30-17:00,https://img1.qunarzz.com/travel/poi/1705/c9/955db6e6a99c2e37.jpg_480x360x95_08cfada2.jpg,4.5,建议游览时间：1小时 - 2小时,,"{'河间府署门票成人票\n\n': ['¥34起'], '河间府署门票双人票\n\n': ['¥60起'], '沧州河间府署手机导游(不含门票)服务成人票\n\n': ['¥8起']}",,1
1,沧州铁狮与旧城遗址公园Cangzhou Lron Lion and old city site park,http://travel.qunar.com/p-oi706565-cangzhoutieshiyujiucheng,"

地址:
沧州市沧县旧州镇沧州铁狮子文物管理处


电话:
0317-7883777

",沧州铁狮子位于沧县东南部，民间称之为“镇海吼”，铸于五代后周年间，距今已有一千多年的历史。铁狮相传为遏海啸水患而造，是我国现存年代较为久远、形体较大的铸铁狮子。铁狮身高5.78米，长5.34米，宽3.17米，背负巨盆相传是文殊菩萨莲坐，狮身向南，头向西南，两左脚在前，两右脚在后，呈前进状，姿态雄伟，昂首阔步，栩栩如生。1957年由主管部门予以补项补趾，并修池建亭，周围还设有铁栏，建亭后由于铁狮见不到阳光，氧化较快，于1972年将亭拆除。如今来到景区，除了可以观看巍峨古老的铁狮外，旁边还建有一处钱币博物馆，可以一并参观。,全年 09:00-16:00;全年 09:00-16:30,https://img1.qunarzz.com/travel/poi/1803/4f/66514e586fcd3037.jpg_480x360x95_c090b71c.jpg,4.3,建议游览时间：1小时,,具体收费情况以现场公示为主,,1
2,东光铁佛寺Dongguang Iron Buddha Temple,http://travel.qunar.com/p-oi704685-dongguangtiefosi,"

地址:
沧州市东光县普照大街59号


电话:
0317-7722307

",东光铁佛寺位于沧州市东光县县城内，是沧州较出名的佛教寺院，已有千年历史，在沧州当地自古就有“沧州狮子景州塔，东光县的铁菩萨”的说法，很多当地人拜佛祈福都会选择这里。铁佛寺始建于宋代，后曾经被毁，寺内的古迹和古铁佛早已不存，如今的铁佛寺是九十年代时重新修建的。但修建后的寺院庄严大气，而且修建时也产生了很多神话传说，使得如今的铁佛寺依然香火旺盛。在铁佛寺内游玩时，可以着重观看寺内的巨大铁佛，铁佛高约8米多，非常壮观。寺内另有多座佛殿，都可以一一参观。另外还有京剧名旦荀慧生的纪念馆，可以进入了解一下。在寺内上香、磕头时，一般会被要求给一点香火钱，每人10-20元左右即可。,全年 8:00-17:30,https://tr-osdcp.qunarzz.com/tr-osd-tr-manager/img/fb1527e7eb49ed156d945fd62e5354ff.jpg_480x360x95_d0b3c416.jpg,4.5,建议游览时间：1小时 - 2小时,,具体收费情况以现场公示为主,,1
3,清真北大寺Beida Mosque,http://travel.qunar.com/p-oi712251-qingzhenbeidasi,"

地址:
沧州市新华区南大街街道解放东路14号


电话:
0317-3041677

","位于沧州市新华区解放路，这里有着悠久的历史传统和深厚的文化底蕴。北大寺始建于明朝建文末年，即公元1402年，距今已有611年的历史，是华北地区面积最大的寺之一，现为河北省文物保护单位。该寺庙是典型的中国古典式建筑，包括西侧礼拜大殿、南侧沐浴室和望月楼、东侧对厅和北侧讲堂。大殿庄严宏伟，由前中后三殿和古棚组成。每层殿为一个顶,殿顶上有“五脊六兽”，雕刻精细，栩栩如生。后窑池有三亭，中间高，两边低，为驼峰式，又似笔架属文式木制结构，别具一格。整个大殿内部的框架为木质结构，它完整地保存了明朝时的原貌，共有81根柱子，通称九九八十一间，可容纳千余人同时礼拜，且梁柱之间相互咬合，没用一根钉子。",全年 8:00-16:00,https://flight-feed.qunarzz.com/as3/180/image/poi_vishnu/18455f42-d766-4f8d-8d26-0b304723fbc4.jpg,4.2,建议游览时间：1小时,,具体收费情况以现场公示为主,,1
4,纪晓岚文化园Ji Xiaolan Cultural Park,http://travel.qunar.com/p-oi9546505-jixiaolanwenhuayuan,"

地址:
沧州市沧县崔尔庄镇


电话:
0317-4988298

",纪晓岚文化园景区由沧州纪晓岚文化旅游开发有限公司投资建设，占地100余亩，是一处以纪晓岚文化为内涵，仿清园林式建筑为载体的文化旅游场所。按纪晓岚的著作和兴趣爱好及传说逸闻，建有三大殿（文漪阁、敬先堂、奉贤馆)、四合院（宦海书丛馆，九十九研斋、滦如槐姑室、阅微草堂）、钻钱眼、大烟袋、春帆湖、联圣廊、纪家枣行等多个旅游景点。文化园为仿清建筑，进院巨石上刻有原中国书协主席沈鹏题写“一代文宗”。院内堆有假山，筑有殿堂和亭台楼阁，曲径通幽，景色宜人。原生态摘枣园，可供游人采摘，可充分领略原生态的田园风光与劳动情趣。                纪晓岚文化园以弘扬纪晓岚文化为宗旨。用建筑、书画、再造实物等形式，展现了纪晓岚的生平和著述。该园配套设施齐全，内设餐饮、住宿、休闲娱乐等场所，成为集观光旅游与休闲娱乐于一体的文化园林，一道集建筑艺术与历史文化于一身的人文景观。,夏令8:00-18:00，冬令8:00-17:00。,https://mp-commentcp.qunarzz.com/mp_comment_mp_comment/1558897359264100w14000000wz0r32A4A_D_640_10000.jpg_480x360x95_ded63ab3.jpg,4.1,建议游览时间：2小时,,成人票30元，儿童票15元,,1
5,南大港湿地Nandagang Wetland,http://travel.qunar.com/p-oi9135302-nandagangshidi,"

地址:
沧州市黄骅市南大港


电话:
0317-7559286

",南大港湿地是沧州著名的退海河流淤积型滨海湿地，一年四季风景秀丽。景区包含观光航道和陆路、环堤路、南北两个游客中心和广场，五个游船码头、观鸟亭、芦海迷宫、放鹤广场、大洼民俗博物馆、鸟巢、野鸭湾、众仙岛、生态绿化长廊等众多景点，还有鸿雁迎宾和斑头雁放飞两个鸟类表演项目。南大港湿地现有植物237种，昆虫291种，鸟类261种，其中丹顶鹤、白鹤、大鸨、东方白鹳、灰鹤等国家二级保护鸟类39种，淡水鱼类27种。这里是我国东部沿海地区原始状态保存完好的重要生态区，素有“京津南花园，天然大氧吧”的美誉。登上观鸟亭，站在观鸟台，可以鸟瞰湿地全貌，当然也可以在这里租借望远镜，这样可以清晰地看见各种珍稀鸟类的趣味姿态。芦海迷宫也是这里的一道靓丽风景线，苇荡水路和栈道相依相恋，游客可乘小船沿水路游玩，也可在栈道上漫步嬉戏。除了美丽的风景，这里还有着深厚的民俗文化底蕴，其中的大洼民俗馆收集了自清朝末年到上世纪六、七十年代的渔业工具、围雁工具、纺织工具、农耕工具、生活用具等民间物品300余件。以实物形式集中反映出大洼人历史上生产、生活的特点和状况，体现了民众们的生存文明创造之美。,3月26日-11月15日8:30-17:30（17:00停止入场），11月16日-次年3月25日8:30-17:00（16:30停止入场）。,https://mp-commentcp.qunarzz.com/mp_comment_mp_comment/1562526280354100l16000000z2kn75A3C_D_640_10000.jpg_480x360x95_c83dc548.jpg,4.2,建议游览时间：1小时 - 2小时,春夏秋三季，温度适宜。,"{'南大港湿地门票成人票\n\n': ['¥39.99起'], '南大港湿地电子讲解票大小同价\n\n': ['¥7起']}",,1
6,泊头清真寺Potou Mosque,http://travel.qunar.com/p-oi702161-botouqingzhensi,"

地址:
沧州市泊头市泊镇清真街南端


电话:
0317-8285238

",该寺因为它建筑规模的宏伟壮观、风格独特而闻名全国。它的外部并不是常见的圆顶建筑，反而是一些勾梁吊壁，颇有中国佛教寺庙的韵味。该寺始建于明永乐二年，经过后来的多次修缮，这里成为了一个规模宏大的建筑群，特别壮观。这里主要分为两大块，在结构上主要分为前庭、中庭和大殿庭院三部分。前庭院正面是一座高约20米的二层三蒙班克楼，下面是阁，上面是厅，各种木作也非常精致。再往里走就是中殿，由望月楼、南北便门、南北配殿、东耳房组成。之后来到核心的地方，也就是大殿庭院，大殿顶部飞檐四出，角亭对立，非常壮观。在大殿的南侧还设有一座清真女寺，环境非常幽雅安静。该寺无论是从建筑规模、占地面积、历史年代来说，在整个华北地区都算得上是非常值得一看的地方了。,全年 8:00-18:00,https://img1.qunarzz.com/travel/poi/1705/29/8f9585de41d73737.jpg_480x360x95_d8d38ee0.jpg,4.5,建议游览时间：1小时 - 2小时,,具体收费情况以现场公示为主,,1
7,盘古古庙Pangu Ancient Temple,http://travel.qunar.com/p-oi704400-pangugumiao,"

地址:
沧州市青县盘古村 ‎


电话:
+86 317 402 2911

",沧州民谣：“一文一武，一国宝，一人祖。”文者，是一代文宗纪晓岚，武者，是沧州乃驰名中外的武术之乡，国宝指沧州铁狮，人祖即盘古，盘古遗址就在今沧州市所属的青县境内。青县城南6公里有村曰“大盘古”，村西有座盘古庙。大盘古位于黑龙港河（古黄河故道）西岸，其南有小盘古村，皆因相传盘古在此定居而得名。盘古庙始建于元世祖至元十五年，明曾重修，清康熙二十七年因河流冲刷，设于秋祠西南重建。据记载，当年的盘古庙状似北京的故宫三殿，石、砖、木结构，琉璃瓦封顶，金碧辉煌，蔚为壮观。前殿高三丈六尺，象征一年360天；台阶18登，为18层地狱之说；飞檐椽子108根，按36天罡、72地煞而布；每根椽头系铜铃一枚，照工、商、角、征、羽五音而置，有所谓“风摇铃响天动乐，光照殿顶地生辉”之说。殿内有身披树叶，手托日月的铁铸涂金盘古像，高一丈零八寸。中殿塑南海观音像，股坐莲盆，金童玉女两侧。后殿设老君、孔子、龙王三塑像，殿前有合抱粗的合欢树两株，殿后铁磬悬于古槐。,8:00-17:00,https://tr-osdcp.qunarzz.com/tr-osd-tr-manager/img/aed6c1665c2807cd07e760a671f943f6.jpg_480x360x95_486851a2.jpg,4.7,建议游览时间：1小时,,具体收费情况以现场公示为主,,1
8,沧州文庙Cangzhou Confucian Temple,http://travel.qunar.com/p-oi707817-cangzhouwenmiao,"

地址:
河北省沧州市运河区光荣路


电话:
0317-2012583

",沧州市文庙，位于沧州市运河区晓市街9号。明初创修，现存大点三座及东西廊，是沧州仅存的明代梁架斗拱结构古建筑，为沧州市重点文物保护单位。,全年 周二-周日 09:00-16:30,https://flight-feed.qunarzz.com/as3/180/image/poi_vishnu/a13f4279-b99e-4d6a-90db-0ab693219942.jpg,4.2,建议游览时间：1小时,,具体收费情况以现场公示为主,,1
9,泰山行宫Taishan Palace,http://travel.qunar.com/p-oi706311-taishanxinggong,,在盐山县城东南28公里处的庆云。明洪武七年（1374）建，占地面积达1500平方米。筑有行宫门楼，底层为大拱孔门，顶层为殿宇式建筑，四角飞檐，柱廊环绕。佛殿为倒座式，内有13根明柱。,,https://img1.qunarzz.com/travel/poi/1803/77/51f36acc98ccf837.jpg_480x360x95_e7f95e48.jpg,4.0,建议游览时间：1小时,,,,1
10,郛堤城,http://travel.qunar.com/p-oi716314-fudicheng,,"郛堤城位于沧州盐山县城关镇西北4公里处。呈方形，周长2.5公里，占地约31万平方米。城墙为粘土结构，人工夯筑，城基残留部分高于地面4至5米，宽7至13米。旧志有关该城的记载不一。有谓建于汉代以前，有谓汉合骑追侯公孙敖御匈奴屯兵之所及其封地。长芦盐法志称此城作伏猗城，谓为防鲜卑拓跋部首领猗卢而设。《盐山新志》称郛堤""似即伏猗之讹音""。按此说，此城当建于西晋。出土文物有灰、红陶器，铜箭镞，古盔等。为省重点文物保护单位。",,https://img1.qunarzz.com/travel/poi/1705/c0/ff56c2fceb087537.jpg_480x360x95_3aa9f073.jpg,--,,,,,2
11,献县汉墓群Xianxian Han Tomb Group,http://travel.qunar.com/p-oi715920-xianxianhanmuqun,"

地址:
沧州市献县西八册屯村西侧

",献县汉墓群位于沧州献县城东云台山一带。属国家文物保护单位。,全年 全天开放,https://tr-osdcp.qunarzz.com/tr-osd-tr-manager/img/0756f6c5d5b0073b63348d159f769312.jpg_480x360x95_098ebd4f.jpg,4.3,建议游览时间：1小时,,具体收费情况以现场公示为主,,2
12,妈祖庙Matsu Temple,http://travel.qunar.com/p-oi710823-mazumiao,"

地址:
沧州市黄骅市南排河镇后唐堡村

",位于黄骅市南排河镇后唐堡村，相传妈祖在后唐一带与渔人共居，引导渔民出海捕鱼，遇有风浪指引航向，并为当地渔人消灾治病，当地渔民尊称为师傅。师傅仙去后，为纪念其人，也为求得福佑，建有师傅坟。至95年，为恢复传统文化遗产，由后唐村发起集资60万元在师傅坟处建妈祖庙一座，供奉妈祖等六位师傅，其后，每月农历初一，十五，周围渔民都上香膜拜以求福佑，并顺便交流物资，遂形成较大规模的庙会。,全年 全天开放,https://img1.qunarzz.com/travel/poi/1705/b4/15d9d509a6f8c037.jpg_480x360x95_2d514727.jpg,4.2,建议游览时间：1小时,,具体收费情况以现场公示为主,,2
13,沧州旧城Cangzhou Old City,http://travel.qunar.com/p-oi707458-cangzhoujiucheng,"

地址:
沧州市沧县天通路与302乡道交叉口南300米路东

",坐落在沧州市东20公里沧县旧州镇。城内面积约430万平方米，旧城墙其宽约40米，周长实测7787米。始建于西汉高祖五年（前202），即浮阳县城。旧城墙现已残缺不全，唯西、南两侧还有断墙五段。旧城内有铁狮子、铁钱库（出土钱文皆崇宁、大观、政和、宣和通宝等）、铁炉及开元寺等古建筑遗址，地下且富有文化遗存。旧州城曾取名狮子城、卧牛城。现已列入省级重点文物保护单位。,8：00-18：00,https://tr-osdcp.qunarzz.com/tr-osd-tr-manager/img/a28c4c9d21bcee1d0b083bb00d791f53.jpg_480x360x95_a87f69c7.jpg,4.1,建议游览时间：2小时,,具体收费情况以现场公示为主,,2
14,歧口炮台遗址Qikoupaotai Ruins,http://travel.qunar.com/p-oi703203-qikoupaotaiyizhi,,歧口炮台遗址位于黄骅市南排河镇沧浪渠入海口，为战略要地，在入海口处建有军事观察哨所一座。炮台始建于明，清咸丰七年(1857年)重修，建有大炮台2座(南北岸各一座)，北岸为“大将军”炮台，南岸为“二将军”炮台。清咸丰六年(1856年)，英法联军攻文州，打宁波，溯东海、黄海北上。咸丰八年(1858年)抵及歧口，英法联军倚仗其坚船利炮，强行登陆。歧口炮台驻扎字兵与当地民众协同一心，顽强抵抗，奋死力战，英法联军败退。不得不转往大沽口登陆。当时两座主炮“大将军”、“二将军”之一的“二将军”炮至今完好，保存于黄骅市博物馆。另，现在歧口村渔港码头设抗击八国联军登陆纪念碑一座。,,https://tr-osdcp.qunarzz.com/tr-osd-tr-manager/img/09e24b14ec90f08a50ce0cbb47b12872.jpg_480x360x95_78bbc17a.jpg,3.0,建议游览时间：1小时,,具体收费情况以现场公示为主,,2
15,青云观,http://travel.qunar.com/p-oi722396-qingyunguan,"

地址:
河北沧州市青县觉道庄

","青云观,位于沧州市东北的青县觉道庄,西距青县县城20公里。观内有殿堂15座,供奉80尊神像,是华北平原上历史悠久的道观。相传春秋战国时期,老子—李耳弃周守藏室史官出行,云游四方至此地隐居,传经布道,民众由此相聚而居,逐渐形成村落,起名为道德庄。至元初,道号为“觉道”的张核大师来到此庄,四外化缘,在原老君讲经道场营造起一座颇具影响的道观——青云观。道德庄也由觉道大师的功德更名为觉道家庄,后称觉道庄,而成了道教圣地。村周围先后建起了碧霞庵、五龙圣母庙等道观。历史上在此曾...青云观,位于沧州市东北的青县觉道庄,西距青县县城20公里。观内有殿堂15座,供奉80尊神像,是华北平原上历史悠久的道观。相传春秋战国时期,老子—李耳弃周守藏室史官出行,云游四方至此地隐居,传经布道,民众由此相聚而居,逐渐形成村落,起名为道德庄。至元初,道号为“觉道”的张核大师来到此庄,四外化缘,在原老君讲经道场营造起一座颇具影响的道观——青云观。道德庄也由觉道大师的功德更名为觉道家庄,后称觉道庄,而成了道教圣地。村周围先后建起了碧霞庵、五龙圣母庙等道观。历史上在此曾涌现出众多颇有造诣的道师和法师。　　青云观位于河北首青县城东觉道庄村，距天津市七十五公里，观内有15座殿堂，供奉十尊神像，总占地面积一方平万米，是华北平原上历史最悠久的道观。 相传春秋战国时期，老子李耳弃周守藏室史官而走，云游四方至此地隐居，德高望重老子传经布道，救苦救雅，民众相聚而居，逐渐形成村落，起名为道德庄。沧桑变迁，元初．老子分神化气，重降此庄，名为张核，道号觉道，相继村更名为觉道家庄，觉道大师积功德，四处化缘，在原老者君讲经道场营造起一座颇有影响的道观枣青云观，从此,觉道家庄道场营造起一座颇有影响的道观。觉道家庄就成了道教圣地，村周围先后建起了碧霞庵。五龙圣母庙等道观，历史上曾在此涌现出颇有道诣的道师和法师。",0:00 - 23:30,https://img1.qunarzz.com/travel/poi/1705/d1/ededb46f1cf76d37.jpg_480x360x95_2f3eec79.jpg,0.0,,,0元,,2
16,文庙大成殿,http://travel.qunar.com/p-oi707513-wenmiaodachengdian,,文庙大成殿坐落在沧州运河区晓市街北侧市群艺馆内。大成殿原系孔庙主殿，东西18米，南北9米，正面五门，殿内立柱24根，出檐2米，顶为绿釉。建筑雄伟。始建于宋辽年间（约1120-1150），明初创修规制渐备，明清以来历经17次修建。1981年河北省拨款修整，面貌一新，列为市级重点文物保护单位。,,,5.0,,,,,2
17,庆云文庙Qingyun Confucious Temple,http://travel.qunar.com/p-oi707460-qingyunwenmiao,,位于盐山县城东南28公里处的庆云。明洪武六年（1373）建。大成殿为文庙主体建筑。殿脊覆翠瓦，脊端卧有砖雕成头，顶挂鎏金瓦，四角飞檐。内有12根明柱。基地高出地面1.6米。,,,4.3,建议游览时间：1小时,,具体收费情况以现场公示为主,,2
18,古贝壳堤Ancient Shell Bank,http://travel.qunar.com/p-oi701817-gubeiqiaodi,,沧州沿海有7000多年渤海两岸成陆过程形成的古贝壳堤，是世界现存的较大古贝壳堤之一。黄骅古贝壳堤是世界上三大古贝壳堤之一，位于沧州市沿海，自西向东分布着6条与岸线基本平行的古贝壳堤。详情如下：沈庄--东孙村贝壳堤。该堤位于黄骅市东南侧，北起沈庄，向南过孙村南延约1.5KM。许官--武帝台--沙井子贝壳堤。该堤从中捷农场三分场境内通过呈SN走向。北起天津巨葛庄，南抵黄骅的许官多呈埋藏状态。脊岭泊刘洪博贝壳堤。该堤位于黄骅关家堡以西的脊岭泊西侧，呈SN走向，绵延长达3公里多。歧口--狼坨子贝壳堤，该堤分布在黄骅现代海岸线，呈SE－NW走向。歧口--赵家堡低潮贝壳堤。该堤位于歧口高头村至赵家堡向海2.2KM的低潮滩贝壳堤。,,https://tr-osdcp.qunarzz.com/tr-osd-tr-manager/img/11d5b2d7f763917e5d4cf8cb15d3760c.jpg_480x360x95_bd2c889f.jpg,4.0,建议游览时间：1小时,,具体收费情况以现场公示为主,,2
19,沧州齐堤,http://travel.qunar.com/p-oi705670-cangzhouqidi,,战国时期，齐恒公为御黄河水所筑。位于孟村自治县南部的残堤尚有2米多高，30米宽，自西向东，迤逦曲折。,,,--,,,,,2
20,善人桥,http://travel.qunar.com/p-oi706544-shanrenqiao,,沧州单桥距沧州献县城南6公里，横跨在滹沱河故道上，当地人称单桥，又名善人桥。,,,4.0,,,,,3
21,南皮石金刚Nanpi Stone Guardian Warriors,http://travel.qunar.com/p-oi705227-nanpishijingang,,南皮县城北角有两尊唐代雕刻的石金刚，每尊由一块青石雕成，总高2.96米，雕工精致，造型雄伟，为古石雕艺术珍品，是河北省重点保护文物。,,https://tr-osdcp.qunarzz.com/tr-osd-tr-manager/img/c72d5060597384a305de81248874666f.jpg_480x360x95_eca8694a.jpg,4.3,建议游览时间：1小时,,具体收费情况以现场公示为主,,3
22,千童城,http://travel.qunar.com/p-oi711660-qiantongcheng,,千童城位于盐山县城西南25公里，是徐福东渡扶桑的史发底，距今已有两千多年的历史，日本佐贺地区的金立神社员神为徐福，每50年一祭的习俗延续到今。盐山县成为千童城故里，在中日关系史上有着独特的地位。,,,--,,,,,3
23,金刚亭Jin'gang Pavilion,http://travel.qunar.com/p-oi714004-jingangting,,,,,,,,,,3
24,沧州市园博园,http://travel.qunar.com/p-oi40011193-cangzhoushiyuanboyuan,,,,,0.0,,,,,3
25,吴桥杂技大世界,http://travel.qunar.com/p-oi39595832-wuqiaozajidashijie,,,,,4.0,,,,,3
26,鼓楼广场,http://travel.qunar.com/p-oi38807826-gulouguangchang,,,,,0.0,,,,,3
27,献县天主堂,http://travel.qunar.com/p-oi38341062-xianxiantianzhutang,,,,,--,,,具体收费情况以现场公示为主,,3
28,沧州海洋馆,http://travel.qunar.com/p-oi38007385-cangzhouhaiyangguan,"

地址:
河北省沧州市运河区解放西路沧州水世界主题乐园负一层


电话:
0317-5527555,15503170270

",沧州海洋馆位于解放西路沧州水世界主题乐园负一层，占地面积约6000平方米，是集各种海洋生物展示、美人鱼表演、喂鱼秀、潜水体验、科普教育等为一体的综合性海洋馆。鲨鱼、海龟、海豹、水獭等300多种海洋生物让人目不暇接；轻盈灵动的美人鱼表演如梦如幻；体验与海洋生物亲密接触以及自由潜水的乐趣......走进海洋馆，探秘奇妙的海洋世界。 ,中秋节 09:30-18:30;9/22-12/31 周二-周五 10:00-17:30;9/22-12/31 周六-周日 09:30-18:30;全年 周一 全天不开放,,1.5,建议游览时间：2小时 - 3小时,,,,3
29,河间廉政文化公园,http://travel.qunar.com/p-oi37532563-hejianlianzhengwenhua,,,,,0.0,,,,,3
30,任丘市张华绿色公园,http://travel.qunar.com/p-oi37532542-renqiushizhanghualu:se,,,,,5.0,,,具体收费情况以现场公示为主,,4
31,东湖湿地公园,http://travel.qunar.com/p-oi37532369-donghushidigongyuan,,,,,0.0,,,具体收费情况以现场公示为主,,4
32,七星湖公园,http://travel.qunar.com/p-oi37532357-qixinghugongyuan,,,,,0.0,,,具体收费情况以现场公示为主,,4
33,泊头市运河文化公园,http://travel.qunar.com/p-oi37532289-botoushiyunhewenhuagong,,,,,0.0,,,,,4
34,君园,http://travel.qunar.com/p-oi37532177-junyuan,,,,,0.0,,,,,4
35,任丘市植物园,http://travel.qunar.com/p-oi37192940-renqiushizhiwuyuan,,任丘市植物园的面积较大，植被品种繁多。园内还有人工修建的石拱桥和供人休憩的凉亭。,,,0.0,,,具体收费情况以现场公示为主,,4
36,南海公园,http://travel.qunar.com/p-oi37190473-nanhaigongyuan,,,,,0.0,,,,,4
37,河北海盐博物馆,http://travel.qunar.com/p-oi37189898-hebeihaiyanbowuguan,"

地址:
沧州市黄骅市渤海东路480号


电话:
0317-5221355

",,全年 周一 09:00-16:30,,4.0,,,具体收费情况以现场公示为主,,4
38,海兴人民公园,http://travel.qunar.com/p-oi37189682-haixingrenmingongyuan,,,,,0.0,,,具体收费情况以现场公示为主,,4
39,千童文化公园,http://travel.qunar.com/p-oi37189245-qiantongwenhuagongyuan,,,,,0.0,,,,,4
40,人民公园,http://travel.qunar.com/p-oi37183648-renmingongyuan,,,,,0.0,,,,,5
41,瀛海公园,http://travel.qunar.com/p-oi37183113-yinghaigongyuan,,,,,--,,,具体收费情况以现场公示为主,,5
42,滨海恒大文化旅游城,http://travel.qunar.com/p-oi36920127-binhaihengdawenhualu:,"

地址:
沧州市黄骅市南大港管理区G337国道


电话:
400-008-3333

",滨海恒大文化旅游城由世界 500 强恒大集团旗下的恒大旅游集团倾力打造，在京津冀地区布局的大型文化旅游项目，选址首都经济圈重要节点河北沧州渤海新区南大港产业园区，临近十万亩南大港湿地景区，坐拥全球童话神话乐园——恒大童世界，规划有丰富的航母配套，将成为全球规模、档次较高、 配套较全的文化旅游胜地，景区打造以童世界乐园为核心，集会议会展中心、演绎中心、购物中心、体育运动中心、婚礼庄园、博物馆群、歌剧院、度假酒店、酒吧美食街、航模基地、房车露营地、主题广场...滨海恒大文化旅游城由世界 500 强恒大集团旗下的恒大旅游集团倾力打造，在京津冀地区布局的大型文化旅游项目，选址首都经济圈重要节点河北沧州渤海新区南大港产业园区，临近十万亩南大港湿地景区，坐拥全球童话神话乐园——恒大童世界，规划有丰富的航母配套，将成为全球规模、档次较高、 配套较全的文化旅游胜地，景区打造以童世界乐园为核心，集会议会展中心、演绎中心、购物中心、体育运动中心、婚礼庄园、博物馆群、歌剧院、度假酒店、酒吧美食街、航模基地、房车露营地、主题广场、特色城市公园等于一体的知名文化旅游园区。,9：00-20：00，最晚入园时间 19：00,,5.0,建议游览时间：12小时 - 3天,,99元,,5
43,沧州绿博园,http://travel.qunar.com/p-oi36412920-cangzhoulu:boyuan,,,,,0.0,,,,,5
44,元曲公园,http://travel.qunar.com/p-oi36412643-yuanqugongyuan,,,,,--,,,,,5
45,雁翎公园,http://travel.qunar.com/p-oi36410612-yanlinggongyuan,,,,,--,,,具体收费情况以现场公示为主,,5
46,泊头人民公园,http://travel.qunar.com/p-oi36409910-botourenmingongyuan,,,,,3.0,,,具体收费情况以现场公示为主,,5
47,肃宁人民公园,http://travel.qunar.com/p-oi36408432-suningrenmingongyuan,,,,,--,,,具体收费情况以现场公示为主,,5
48,通翔园,http://travel.qunar.com/p-oi36407799-tongxiangyuan,"

地址:
解放西路75-3号

",,全年 全天开放,,0.0,,,具体收费情况以现场公示为主,,5
49,运河人民公园,http://travel.qunar.com/p-oi36407398-yunherenmingongyuan,,,,,0.0,,,具体收费情况以现场公示为主,,5
50,盘古公园,http://travel.qunar.com/p-oi36407388-pangugongyuan,,,,,--,,,具体收费情况以现场公示为主,,6
51,纪晓岚故里,http://travel.qunar.com/p-oi36406362-jixiaolanguli,,,,,,,,,,6
52,尚德玻璃博物馆,http://travel.qunar.com/p-oi36397242-shangdebolibowuguan,,,,,,,,,,6
53,汇文堂画廊,http://travel.qunar.com/p-oi36396623-huiwentanghualang,,,,,0.0,,,具体收费情况以现场公示为主,,6
54,沧县厚德民俗博物馆,http://travel.qunar.com/p-oi36259254-cangxianhoudeminsubowu,,,,,--,,,具体收费情况以现场公示为主,,6
55,贝壳湖公园Shell Lake Park,http://travel.qunar.com/p-oi35913963-beiqiaohugongyuan,,贝壳湖公园位于河北省沧州市，占地面积广，依湖而建，景色宜人。园内有绿化带、宽敞步道、海里生物的雕塑等景致，是您休闲、散步、喂海鸥的好去处。,,,4.5,建议游览时间：2小时 - 3小时,,具体收费情况以现场公示为主,,6
56,奇异森林动物王国AUSC Kingdom of Animals,http://travel.qunar.com/p-oi35912925-qiyisenlindongwuwangguo,"

地址:
京南互联网大厦3层

",,全年 10:30-20:00,,0.0,,,,,6
57,刘守真君庙,http://travel.qunar.com/p-oi35912725-liushouzhenjunmiao,,,,,--,,,具体收费情况以现场公示为主,,6
58,西谈论村Xitanlun Village,http://travel.qunar.com/p-oi35678566-xitanluncun,,,,,--,,,具体收费情况以现场公示为主,,6
59,贾刘店村Jialiudian Village,http://travel.qunar.com/p-oi35678448-jialiudiancun,,,,,,,,,,6
60,卞子札村Bianzizha Village,http://travel.qunar.com/p-oi35388386-bianzizhacun,,,,,--,,,具体收费情况以现场公示为主,,7
61,河北沧州献县刘氏家庭农场,http://travel.qunar.com/p-oi35320281-hebeicangzhouxianxian,,,,,--,,,具体收费情况以现场公示为主,,7
62,西十里高村,http://travel.qunar.com/p-oi35306362-xishiligaocun,,,,,,,,,,7
63,东十里高村,http://travel.qunar.com/p-oi35306361-dongshiligaocun,,,,,--,,,具体收费情况以现场公示为主,,7
64,张柳村Zhangliu Village,http://travel.qunar.com/p-oi35306335-zhangliucun,,,,,--,,,具体收费情况以现场公示为主,,7
65,郑召村,http://travel.qunar.com/p-oi35305969-zhengzhaocun,,,,,--,,,具体收费情况以现场公示为主,,7
66,曹八拨村Caobabo Village,http://travel.qunar.com/p-oi35304521-caobabocun,,,,,--,,,具体收费情况以现场公示为主,,7
67,崔尔庄东村,http://travel.qunar.com/p-oi35303011-cuierzhuangdongcun,,,,,--,,,具体收费情况以现场公示为主,,7
68,杨崔尔庄村Yangcuierzhuang Village,http://travel.qunar.com/p-oi35302896-yangcuierzhuangcun,,,,,--,,,具体收费情况以现场公示为主,,7
69,盐山温氏杨集猪场,http://travel.qunar.com/p-oi35297671-yanshanwenshiyangjizhu,,,,,--,,,具体收费情况以现场公示为主,,7
70,西大坞三村Xidawu III Village,http://travel.qunar.com/p-oi35291429-xidawusancun,,,,,--,,,具体收费情况以现场公示为主,,8
71,前毕王文村Qianbiwangwen Village,http://travel.qunar.com/p-oi35267969-qianbiwangwencun,,,,,--,,,具体收费情况以现场公示为主,,8
72,东大邢村Dongdaxing Village,http://travel.qunar.com/p-oi35262496-dongdaxingcun,,,,,--,,,具体收费情况以现场公示为主,,8
73,东大吴村Dongdawu Village,http://travel.qunar.com/p-oi35261482-dongdawucun,,,,,,,,,,8
74,前王营村Front Wangying Village,http://travel.qunar.com/p-oi35260314-qianwangyingcun,,,,,--,,,具体收费情况以现场公示为主,,8
75,前王仙庄村,http://travel.qunar.com/p-oi35251072-qianwangxianzhuangcun,,,,,--,,,具体收费情况以现场公示为主,,8
76,大浪淀引水渠大桥Dalangdian Diversion Canal Bridge,http://travel.qunar.com/p-oi35245267-dalangdianyinshuiquda,,,,,--,,,具体收费情况以现场公示为主,,8
77,泊莲禅寺Polianchan Temple,http://travel.qunar.com/p-oi35215073-bolianshansi,,泊莲禅寺位于河北省泊头市，又名泊莲寺。泊莲禅寺中轴处的后方为藏经楼，及两侧的僧寮，禅堂。,,,--,建议游览时间：1小时 - 2小时,,具体收费情况以现场公示为主,,8
78,皇家壹里,http://travel.qunar.com/p-oi35018338-huangjiayili,"

地址:
沧州市运河区

",,全年 全天开放,,--,,,,,8
79,建业大厦,http://travel.qunar.com/p-oi35018306-jianyedasha,"

地址:
沧州市运河区迎宾南大道与解放西路交汇北行580米

",,全年 全天开放,,0.0,,,具体收费情况以现场公示为主,,8
80,程庄子村Chengzhuangzi Village,http://travel.qunar.com/p-oi35018199-chengzhuangzicun,"

地址:
沧州市沧县

",,全年 全天开放,,--,,,具体收费情况以现场公示为主,,9
81,桃花巷道Taohua Laneway,http://travel.qunar.com/p-oi35018035-taohuaxiangdao,"

地址:
沧州市运河区北京路

",,全年 全天开放,,0.0,,,具体收费情况以现场公示为主,,9
82,保利·拉菲公馆,http://travel.qunar.com/p-oi35017850-baolilafeigongguan,,,,,,,,,,9
83,王希鲁村Wangxilu Village,http://travel.qunar.com/p-oi35017813-wangxilucun,"

地址:
沧州市运河区清池南大道

",,全年 全天开放,,--,,,具体收费情况以现场公示为主,,9
84,南皮县民俗博物馆Nanpixian Minsu Museum,http://travel.qunar.com/p-oi34273323-nanpixianminsubowuguan,,南皮县民俗博物馆展出了近百年来南皮人民在生产、生活中使用过的各种器具、物品，具有浓浓的乡俗风味，从衣、食、住、行、用等各个方面展示华北地区的农村生活轨迹。,,,5.0,建议游览时间：1小时 - 2小时,,免费,,9
85,任丘市京南博物馆Renqiushi Jingnan Museum,http://travel.qunar.com/p-oi34271478-renqiushijingnanbowuguan,"

地址:
任丘市青塔乡边各庄

",,9:00-17:00（周六、日闭馆）,,5.0,,,免费,,9
86,千童博物馆Qiantong Museum,http://travel.qunar.com/p-oi34270634-qiantongbowuguan,"

地址:
盐山县西大街北侧

",,全年 周二-周日 9:00-17:00,,--,,,免费,,9
87,沧州厚古民俗博物馆Cangzhou Hougu Minsu Museum,http://travel.qunar.com/p-oi34270357-cangzhouhouguminsubowu,"

地址:
沧州市沧县捷地乡尹家桥村

",,全年 周二-周日 9:00-17:00,,--,,,免费,,9
88,任丘市博物馆Renqiushi Museum,http://travel.qunar.com/p-oi34269602-renqiushibowuguan,"

地址:
任丘市北站西路017-2号

",,全年 周二-周日 9:00-17:00,,--,,,免费,,9
89,清风楼Qingfeng Tower,http://travel.qunar.com/p-oi34236390-qingfenglou,,清风楼是根据古籍记载所复建的，于1992年建成，分地下1层、地上5层，2、3、4层每层12角檐，是京杭运河沧州段沿岸惟一一座仿古建筑，也是沧州的建筑地标与文化地标之一。,,https://tr-osdcp.qunarzz.com/tr-osd-tr-manager/img/7de704ba20bcd3c9b37597fb50fbf61d.jpg_480x360x95_ba1d8271.jpg,4.5,建议游览时间：1小时 - 2小时,,,,9
90,孙庄子村Sunzhuangzi Village,http://travel.qunar.com/p-oi34236041-sunzhuangzicun,,,,,,,,,,10
91,沧州高新区森林公园Cangzhou Gaoxinqu Forest Park,http://travel.qunar.com/p-oi34100242-cangzhougaoxinqusenlin,"

地址:
沧州市运河区西安路北侧

",沧州高新区森林公园占地面积七百多亩，绿化率高达百分之八十，有加拿大糖槭、俄勒冈豆梨、美国红栎等珍稀树种，环境优美。,全年 全天开放,https://tr-osdcp.qunarzz.com/tr-osd-tr-manager/img/479d2f3a16d997bc9d51a6df54c24b02.jpg_480x360x95_5f7188f6.jpg,--,建议游览时间：2小时 - 4小时,,具体收费情况以现场公示为主,,10
92,南湖公园Nanhu Park,http://travel.qunar.com/p-oi33208126-nanhugongyuan,"

地址:
南湖街道解放中路（近解放桥）

",,全年 全天开放,https://tr-osdcp.qunarzz.com/tr-osd-tr-manager/img/5230ee04cb0c3bc6e875cca8e5dac20a.jpg_480x360x95_4519c150.jpg,4.0,,,具体收费情况以现场公示为主,,10
93,铁狮子Iron Lion,http://travel.qunar.com/p-oi33100154-tieshizi,,,,,,,,,,10
94,管业大厦,http://travel.qunar.com/p-oi33095523-guanyedasha,"

地址:
沧州市北京路10号

",,全年 全天开放,https://tr-osdcp.qunarzz.com/tr-osd-tr-manager/img/b6b52d95eecd987dbd845915f50c36aa.jpg_480x360x95_3dac40c2.jpg,0.0,,,,,10
95,马落坡村Maluopo Village,http://travel.qunar.com/p-oi33094725-maluopocun,,,,,,,,,,10
96,黑龙港河Heilonggang River,http://travel.qunar.com/p-oi33086316-heilongganghe,,,,,,,,,,10
97,沧州市博物馆Cangzhou Museum,http://travel.qunar.com/p-oi32795898-cangzhoushibowuguan,"

地址:
上海路沧州规划馆旁


电话:
0317-2130056,0317-2130066

",沧州市博物馆坐落在沧州市运河区上海路，市政务服务中心南面，占地为57亩。总高达24米，分为半地下层和一至四层。总体布局为一到三层共11个展厅。,全年 周一 全天不开放 ;全年 周二-周日 09:00-17:00,https://tr-osdcp.qunarzz.com/tr-osd-tr-manager/img/00666d0244b719bff59aed26379965ca.jpg_480x360x95_8971fa86.jpg,4.4,建议游览时间：2小时 - 3小时,,具体详情以景区公示为准。,,10
98,任丘新市民广场Renqiuxin Shimin Square,http://travel.qunar.com/p-oi32788317-renqiuxinshiminguangchang,"

地址:
沧州市任丘市东风西路南50米

",,全年 全天开放,https://tr-osdcp.qunarzz.com/tr-osd-tr-manager/img/f1dc2cd94901b1d0b5cd3caa35a4ac09.jpg_480x360x95_1b952802.jpg,5.0,建议游览时间：1小时 - 2小时,,具体收费情况以现场公示为主,,10
99,盐山广播电视发射台Yanshan Broadcasting and Television Launching Station,http://travel.qunar.com/p-oi32774068-yanshanguangbodianshi,"

地址:
沧州市盐山县千童大街与翠园路交叉口北100米

",,全年 全天开放,https://tr-osdcp.qunarzz.com/tr-osd-tr-manager/img/0c195f6dd17fb64234f69f14209ecbf2.jpg_480x360x95_cf56d199.jpg,--,,,,,10
